[gd_scene load_steps=11 format=3 uid="uid://dxh4ccvgkqnyy"]

[ext_resource type="Script" path="res://levels/level1.gd" id="1_gtqee"]
[ext_resource type="PackedScene" uid="uid://dffgt2qm2t6q8" path="res://player/player.tscn" id="1_xou5w"]
[ext_resource type="Environment" uid="uid://doifmc7cwcxwi" path="res://levels/level1env.tres" id="3_6uvll"]
[ext_resource type="PackedScene" uid="uid://bvdyed54dcgfl" path="res://levels/level_1.tscn" id="3_s3xtl"]
[ext_resource type="Texture2D" uid="uid://dja4011dsoe8s" path="res://textures/wRZ5XKGzRaI.jpg" id="4_dyf4f"]
[ext_resource type="Texture2D" uid="uid://jh0luqtrgpgq" path="res://textures/e6IUv1KOlqE.jpg" id="5_fr8xj"]
[ext_resource type="Texture2D" uid="uid://divkip60anxwk" path="res://textures/JCbJW9qEYuU.jpg" id="6_d16ew"]
[ext_resource type="FontFile" uid="uid://cdbfbi1826fs6" path="res://Monocraft.ttf" id="7_1sder"]
[ext_resource type="AudioStream" uid="uid://bn07sclw84nox" path="res://sound/ost1.mp3" id="7_tj8yc"]

[sub_resource type="BoxShape3D" id="BoxShape3D_ttrpu"]
size = Vector3(2.24384, 1, 5.8564)

[node name="Level1" type="Node3D"]
script = ExtResource("1_gtqee")

[node name="Player" parent="." instance=ExtResource("1_xou5w")]
transform = Transform3D(1, 0, 0, 0, 1, 0, 0, 0, 1, -378.316, 39.0257, -9.09681)

[node name="WorldEnvironment" type="WorldEnvironment" parent="."]
environment = ExtResource("3_6uvll")

[node name="level1" parent="." instance=ExtResource("3_s3xtl")]
transform = Transform3D(0.07, 0, 0, 0, 0.07, 0, 0, 0, 0.07, 0, 0, 0)

[node name="light" type="Node" parent="."]

[node name="OmniLight3D4" type="OmniLight3D" parent="light"]
transform = Transform3D(1, 0, 0, 0, 1, 0, 0, 0, 1, 20.2518, 0.538535, -63.2955)
light_energy = 8.393
shadow_enabled = true
omni_range = 27.3066

[node name="OmniLight3D5" type="OmniLight3D" parent="light"]
transform = Transform3D(1, 0, 0, 0, 1, 0, 0, 0, 1, 20.2518, 0.538535, -22.937)
light_energy = 8.393
shadow_enabled = true
omni_range = 27.3066

[node name="OmniLight3D6" type="OmniLight3D" parent="light"]
transform = Transform3D(1, 0, 0, 0, 1, 0, 0, 0, 1, 24.8899, 15.4808, 12.2022)
light_energy = 8.393
shadow_enabled = true
omni_range = 27.3066

[node name="OmniLight3D2" type="OmniLight3D" parent="light"]
transform = Transform3D(1, 0, 0, 0, 1, 0, 0, 0, 1, -361.816, 38.4318, 47.9043)
light_energy = 12.798
shadow_enabled = true
omni_range = 22.523

[node name="OmniLight3D3" type="OmniLight3D" parent="light"]
transform = Transform3D(1, 0, 0, 0, 1, 0, 0, 0, 1, -407.812, 50.1045, 47.9043)
light_energy = 12.798
shadow_enabled = true
omni_range = 22.523

[node name="OmniLight3D" type="OmniLight3D" parent="light"]
transform = Transform3D(-0.742575, -0.369248, -0.558783, -0.533005, -0.179409, 0.826873, -0.405572, 0.911849, -0.0635864, -17.3249, 7.22967, 3.44991)
light_energy = 6.495
shadow_enabled = true
omni_range = 14.311

[node name="OmniLight3D7" type="OmniLight3D" parent="light"]
transform = Transform3D(-0.742575, -0.369248, -0.558783, -0.533005, -0.179409, 0.826873, -0.405572, 0.911849, -0.0635864, 1.81335, 7.22967, -33.1605)
light_energy = 6.495
shadow_enabled = true
omni_range = 24.8868

[node name="sprits" type="Node" parent="."]

[node name="Sprite3D" type="Sprite3D" parent="sprits"]
transform = Transform3D(0.257836, 0, 0, 0, 0.257836, 0, 0, 0, 0.257836, 14.5712, 2.84889, 26.2965)
texture_filter = 0
texture = ExtResource("4_dyf4f")

[node name="Sprite3D2" type="Sprite3D" parent="sprits"]
transform = Transform3D(0.029407, 0, 0.256154, 0, 0.257836, 0, -0.256154, 0, 0.029407, 24.8153, 2.94632, -16.8392)
texture_filter = 0
texture = ExtResource("5_fr8xj")

[node name="Sprite3D3" type="Sprite3D" parent="sprits"]
transform = Transform3D(-0.0598601, 0, 0.345421, 0, 0.471327, 0, 0.521421, 0, 0.039655, 23.203, 2.79594, -63.2533)
texture_filter = 0
texture = ExtResource("6_d16ew")

[node name="Label3D" type="Label3D" parent="sprits"]
transform = Transform3D(-0.9983, 0, -0.0582784, 0, 1, 0, 0.0582784, 0, -0.9983, -52.06, 4.3402, 16.7892)
pixel_size = 0.01
text = "наш мир соткан из тончайших каменных листов"
font = ExtResource("7_1sder")
font_size = 256
outline_size = 0

[node name="Label3D2" type="Label3D" parent="sprits"]
transform = Transform3D(0.9983, 0, 0.0582784, 0, 1, 0, -0.0582784, 0, 0.9983, -187.146, 5.76889, 2.23754)
pixel_size = 0.01
text = "если прислушаться, то можно услышать их шёпот"
font = ExtResource("7_1sder")
font_size = 256
outline_size = 0

[node name="sph" type="Node" parent="."]

[node name="CSGSphere3D2" type="CSGSphere3D" parent="sph"]
transform = Transform3D(1, 0, 0, 0, 1, 0, 0, 0, 1, 20.8538, 8.4387, -111.858)
radius = 1.92925

[node name="CSGSphere3D" type="CSGSphere3D" parent="sph"]
transform = Transform3D(1, 0, 0, 0, 1, 0, 0, 0, 1, 20.8538, 8.4387, -111.858)
radius = 5.883

[node name="OmniLight3D" type="OmniLight3D" parent="sph/CSGSphere3D"]
transform = Transform3D(1, 0, 0, 0, 1, 0, 0, 0, 1, -0.601978, -7.90016, 11.0385)
light_energy = 8.393
shadow_enabled = true
omni_range = 27.3066

[node name="Ambient" type="AudioStreamPlayer" parent="."]
stream = ExtResource("7_tj8yc")
volume_db = -11.243
pitch_scale = 1.06
autoplay = true

[node name="dopcoll" type="Node" parent="."]

[node name="StaticBody3D" type="StaticBody3D" parent="dopcoll"]
transform = Transform3D(1, 0, 0, 0, 1, 0, 0, 0, 1, 15.6739, 0.170443, -41.0744)

[node name="CollisionShape3D" type="CollisionShape3D" parent="dopcoll/StaticBody3D"]
transform = Transform3D(0.956804, -0.290736, 0, 0.290736, 0.956804, 0, 0, 0, 1, -1.80255, -1.44408, -3.57784)
shape = SubResource("BoxShape3D_ttrpu")

[node name="StaticBody3D2" type="StaticBody3D" parent="dopcoll"]
transform = Transform3D(1, 0, 0, 0, 1, 0, 0, 0, 1, 16.6051, 0.68667, -41.0744)

[node name="CollisionShape3D" type="CollisionShape3D" parent="dopcoll/StaticBody3D2"]
transform = Transform3D(0.956804, -0.290736, 0, 0.290736, 0.956804, 0, 0, 0, 1, 0.592661, -1.44408, -3.57784)
shape = SubResource("BoxShape3D_ttrpu")

[node name="StaticBody3D3" type="StaticBody3D" parent="dopcoll"]
transform = Transform3D(-4.52428e-08, 4.24603e-10, -1, 0.267188, 0.963644, -1.16792e-08, 0.963644, -0.267188, -4.37114e-08, -388.895, 34.9497, 8.74383)

[node name="CollisionShape3D" type="CollisionShape3D" parent="dopcoll/StaticBody3D3"]
transform = Transform3D(0.956804, -0.290736, 0, 0.290736, 0.956804, 0, 0, 0, 1, 0.592661, -1.44408, -3.57784)
shape = SubResource("BoxShape3D_ttrpu")
